# A1H 044
0070.00 0100.00 0115.00 0130.00 0145.00
0160.00 0175.00 0190.00 0205.00 0220.00
0235.00 0250.00 0265.00 0280.00 0295.00
0310.00 0325.00 0340.00 0355.00 0370.00
0385.00 0400.00 0415.00 0430.00 0445.00
0460.00 0475.00 0490.00 0505.00 0520.00
0535.00 0550.00 0565.00 0580.00 0595.00
0610.00 0660.00 0710.00 0760.00 0810.00
0860.00 0910.00 0960.00 1010.00
# A1B 117
0000.00 0005.00 0010.00 0015.00 0017.00
0019.00 0021.00 0023.00 0025.00 0025.25
0025.50 0025.75 0026.00 0026.25 0026.50
0026.75 0027.00 0027.25 0027.50 0027.75
0028.00 0028.25 0028.50 0028.75 0029.00
0029.25 0029.50 0029.75 0030.00 0030.25
0030.50 0030.75 0031.00 0031.25 0031.50
0031.75 0032.00 0032.25 0032.50 0032.75
0033.00 0033.25 0033.50 0033.75 0034.00
0034.25 0034.50 0034.75 0035.00 0035.25
0035.50 0035.75 0036.00 0036.25 0036.50
0036.75 0037.00 0037.25 0037.50 0037.75
0038.00 0038.25 0038.50 0038.75 0039.00
0039.25 0039.50 0039.75 0040.00 0040.25
0040.50 0040.75 0041.00 0041.25 0041.50
0041.75 0042.00 0042.25 0042.50 0042.75
0043.00 0043.25 0043.50 0043.75 0044.00
0044.25 0044.50 0044.75 0045.00 0045.25
0045.50 0045.75 0046.00 0046.25 0046.50
0046.75 0047.00 0047.25 0047.50 0047.75
0048.00 0048.25 0048.50 0048.75 0049.00
0049.25 0049.50 0049.75 0050.00 0052.00
0054.00 0056.00 0058.00 0060.00 0065.00
0070.00 0075.00
# A1L 117
0100.00 0105.00 0110.00 0115.00 0117.00
0119.00 0121.00 0123.00 0125.00 0125.25
0125.50 0125.75 0126.00 0126.25 0126.50
0126.75 0127.00 0127.25 0127.50 0127.75
0128.00 0128.25 0128.50 0128.75 0129.00
0129.25 0129.50 0129.75 0130.00 0130.25
0130.50 0130.75 0131.00 0131.25 0131.50
0131.75 0132.00 0132.25 0132.50 0132.75
0133.00 0133.25 0133.50 0133.75 0134.00
0134.25 0134.50 0134.75 0135.00 0135.25 
0135.50 0135.75 0136.00 0136.25 0136.50
0136.75 0137.00 0137.25 0137.50 0137.75
0138.00 0138.25 0138.50 0138.75 0139.00
0139.25 0139.50 0139.75 0140.00 0140.25
0140.50 0140.75 0141.00 0141.25 0141.50
0141.75 0142.00 0142.25 0142.50 0142.75
0143.00 0143.25 0143.50 0143.75 0144.00
0144.25 0144.50 0144.75 0145.00 0145.25
0145.50 0145.75 0146.00 0146.25 0146.50
0146.75 0147.00 0147.25 0147.50 0147.75
0148.00 0148.25 0148.50 0148.75 0149.00
0149.25 0149.50 0149.75 0150.00 0152.00
0154.00 0156.00 0158.00 0160.00 0165.00
0170.00 0175.00
# COEFF 043
1.00000024e-01 3.98103906e-04 5.83124107e-04 5.45350691e-04
4.88796733e-04 3.88638630e-04 3.09036949e-04 2.36821662e-04
2.46334838e-04 2.22352970e-04 1.96656539e-04 2.11792623e-04
2.30535396e-04 2.49044731e-04 2.09715180e-04 2.31837489e-04
1.05310147e-05 6.05314378e-05 1.54688598e-04 2.49963520e-04
1.72092992e-04 1.59380419e-04 1.93724722e-04 3.34290983e-04
9.16411537e-05 9.23040745e-04 9.51522265e-04 9.44424085e-04
9.42011530e-04 9.45810194e-04 9.58760121e-04 9.75374660e-04
9.91494524e-04 1.00384208e-03 1.00871175e-03 9.87325164e-04
9.30345768e-04 8.51836179e-04 9.05081100e-04 1.00000016e-01
1.00000088e-01 1.00000026e+00 1.00000031e+00
# LAMBDA 3.0e8
# ALPHA 1.2

